Begin PolyList
	Begin Polygon Item=Cap Flags=1073741824 Link=0
		Origin   +00000.000000,+00045.000000,+00013.200001
		Normal   +00000.000000,+00000.000000,-00000.999996
		TextureU -00000.382683,-00000.923878,-00000.000000
		TextureV -00000.923878,+00000.382683,+00000.000000
		Pan      U=0 V=0
		Vertex   +00000.000000,+00045.000000,+00013.200001
		Vertex   +00031.819805,+00031.819805,+00013.200001
		Vertex   +00045.000000,-00000.000002,+00013.200001
		Vertex   +00031.819805,-00031.819805,+00013.200001
		Vertex   -00000.000004,-00045.000000,+00013.200001
		Vertex   -00031.819811,-00031.819799,+00013.200001
		Vertex   -00045.000000,+00000.000001,+00013.200001
		Vertex   -00031.819794,+00031.819815,+00013.200001
	End Polygon
	Begin Polygon Item=Wall Flags=1073741856 Link=1
		Origin   -00007.542348,+00014.110740,-00019.000000
		Normal   +00000.528066,+00000.849199,+00000.000000
		TextureU +00000.849198,-00000.528066,+00000.000000
		TextureV +00000.000000,+00000.000000,-00000.999996
		Pan      U=0 V=0
		Vertex   -00007.542348,+00014.110740,-00019.000000
		Vertex   -00007.542348,+00014.110740,+00013.000000
		Vertex   +00015.991433,-00000.523506,+00013.000000
		Vertex   +00015.991433,-00000.523506,-00019.000000
	End Polygon
	Begin Polygon Item=Wall Flags=1073741856 Link=2
		Origin   +00015.991433,-00000.523506,-00019.000000
		Normal   +00000.471395,-00000.881917,+00000.000000
		TextureU -00000.881917,-00000.471395,+00000.000000
		TextureV +00000.000000,+00000.000000,-00000.999996
		Pan      U=0 V=0
		Vertex   +00015.991433,-00000.523506,-00019.000000
		Vertex   +00015.991433,-00000.523506,+00013.000000
		Vertex   -00008.449086,-00013.587234,+00013.000000
		Vertex   -00008.449086,-00013.587234,-00019.000000
	End Polygon
	Begin Polygon Item=Wall Flags=1073741856 Link=3
		Origin   -00008.449086,-00013.587234,-00019.000000
		Normal   -00000.999460,+00000.032719,+00000.000000
		TextureU +00000.032719,+00000.999460,+00000.000000
		TextureV +00000.000000,+00000.000000,-00000.999996
		Pan      U=0 V=0
		Vertex   -00008.449086,-00013.587234,-00019.000000
		Vertex   -00008.449086,-00013.587234,+00013.000000
		Vertex   -00007.542348,+00014.110740,+00013.000000
		Vertex   -00007.542348,+00014.110740,-00019.000000
	End Polygon
	Begin Polygon Item=Cap Flags=1073741856 Link=4
		Origin   -00007.542348,+00014.110740,-00019.000000
		Normal   +00000.000000,+00000.000000,-00000.999996
		TextureU -00000.528067,-00000.849201,-00000.000000
		TextureV -00000.849199,+00000.528066,+00000.000000
		Pan      U=0 V=0
		Vertex   -00007.542348,+00014.110740,-00019.000000
		Vertex   +00015.991433,-00000.523506,-00019.000000
		Vertex   -00008.449086,-00013.587234,-00019.000000
	End Polygon
	Begin Polygon Item=Cap Flags=1073741824 Link=5
		Origin   -00031.819794,+00031.819815,+00019.200001
		Normal   +00000.000000,+00000.000000,+00000.999996
		TextureU +00000.923878,-00000.382683,+00000.000000
		TextureV +00000.382682,+00000.923876,+00000.000000
		Pan      U=0 V=0
		Vertex   -00031.819794,+00031.819815,+00019.200001
		Vertex   -00045.000000,+00000.000001,+00019.200001
		Vertex   -00031.819811,-00031.819799,+00019.200001
		Vertex   -00000.000004,-00045.000000,+00019.200001
		Vertex   +00031.819805,-00031.819805,+00019.200001
		Vertex   +00045.000000,-00000.000002,+00019.200001
		Vertex   +00031.819805,+00031.819805,+00019.200001
		Vertex   +00000.000000,+00045.000000,+00019.200001
	End Polygon
	Begin Polygon Item=Wall Flags=1073741824 Link=6
		Origin   +00000.000000,+00045.000000,+00013.200001
		Normal   +00000.382682,+00000.923876,+00000.000000
		TextureU +00000.923878,-00000.382683,+00000.000000
		TextureV +00000.000000,+00000.000000,-00000.999996
		Pan      U=0 V=0
		Vertex   +00000.000000,+00045.000000,+00013.200001
		Vertex   +00000.000000,+00045.000000,+00019.200001
		Vertex   +00031.819805,+00031.819805,+00019.200001
		Vertex   +00031.819805,+00031.819805,+00013.200001
	End Polygon
	Begin Polygon Item=Wall Flags=1073741824 Link=7
		Origin   +00031.819805,+00031.819805,+00013.200001
		Normal   +00000.923876,+00000.382682,+00000.000000
		TextureU +00000.382683,-00000.923878,+00000.000000
		TextureV +00000.000000,+00000.000000,-00000.999996
		Pan      U=0 V=0
		Vertex   +00031.819805,+00031.819805,+00013.200001
		Vertex   +00031.819805,+00031.819805,+00019.200001
		Vertex   +00045.000000,-00000.000002,+00019.200001
		Vertex   +00045.000000,-00000.000002,+00013.200001
	End Polygon
	Begin Polygon Item=Wall Flags=1073741824 Link=8
		Origin   +00045.000000,-00000.000002,+00013.200001
		Normal   +00000.923876,-00000.382682,+00000.000000
		TextureU -00000.382683,-00000.923878,-00000.000000
		TextureV +00000.000000,+00000.000000,-00000.999996
		Pan      U=0 V=0
		Vertex   +00045.000000,-00000.000002,+00013.200001
		Vertex   +00045.000000,-00000.000002,+00019.200001
		Vertex   +00031.819805,-00031.819805,+00019.200001
		Vertex   +00031.819805,-00031.819805,+00013.200001
	End Polygon
	Begin Polygon Item=Wall Flags=1073741824 Link=9
		Origin   +00031.819805,-00031.819805,+00013.200001
		Normal   +00000.382682,-00000.923876,+00000.000000
		TextureU -00000.923878,-00000.382683,-00000.000000
		TextureV +00000.000000,+00000.000000,-00000.999996
		Pan      U=0 V=0
		Vertex   +00031.819805,-00031.819805,+00013.200001
		Vertex   +00031.819805,-00031.819805,+00019.200001
		Vertex   -00000.000004,-00045.000000,+00019.200001
		Vertex   -00000.000004,-00045.000000,+00013.200001
	End Polygon
	Begin Polygon Item=Wall Flags=1073741824 Link=10
		Origin   -00000.000004,-00045.000000,+00013.200001
		Normal   -00000.382682,-00000.923876,-00000.000000
		TextureU -00000.923878,+00000.382683,+00000.000000
		TextureV +00000.000000,+00000.000000,-00000.999996
		Pan      U=0 V=0
		Vertex   -00000.000004,-00045.000000,+00013.200001
		Vertex   -00000.000004,-00045.000000,+00019.200001
		Vertex   -00031.819811,-00031.819799,+00019.200001
		Vertex   -00031.819811,-00031.819799,+00013.200001
	End Polygon
	Begin Polygon Item=Wall Flags=1073741824 Link=11
		Origin   -00031.819811,-00031.819799,+00013.200001
		Normal   -00000.923876,-00000.382682,-00000.000000
		TextureU -00000.382683,+00000.923878,+00000.000000
		TextureV +00000.000000,+00000.000000,-00000.999996
		Pan      U=0 V=0
		Vertex   -00031.819811,-00031.819799,+00013.200001
		Vertex   -00031.819811,-00031.819799,+00019.200001
		Vertex   -00045.000000,+00000.000001,+00019.200001
		Vertex   -00045.000000,+00000.000001,+00013.200001
	End Polygon
	Begin Polygon Item=Wall Flags=1073741824 Link=12
		Origin   -00045.000000,+00000.000001,+00013.200001
		Normal   -00000.923876,+00000.382682,+00000.000000
		TextureU +00000.382682,+00000.923876,+00000.000000
		TextureV +00000.000000,+00000.000000,-00000.999996
		Pan      U=0 V=0
		Vertex   -00045.000000,+00000.000001,+00013.200001
		Vertex   -00045.000000,+00000.000001,+00019.200001
		Vertex   -00031.819794,+00031.819815,+00019.200001
		Vertex   -00031.819794,+00031.819815,+00013.200001
	End Polygon
	Begin Polygon Item=Wall Flags=1073741824 Link=13
		Origin   -00031.819794,+00031.819815,+00013.200001
		Normal   -00000.382682,+00000.923876,+00000.000000
		TextureU +00000.923876,+00000.382682,+00000.000000
		TextureV +00000.000000,+00000.000000,-00000.999996
		Pan      U=0 V=0
		Vertex   -00031.819794,+00031.819815,+00013.200001
		Vertex   -00031.819794,+00031.819815,+00019.200001
		Vertex   +00000.000000,+00045.000000,+00019.200001
		Vertex   +00000.000000,+00045.000000,+00013.200001
	End Polygon
End PolyList
